{
 "cells": [
  {
   "cell_type": "code",
   "execution_count": 1,
   "metadata": {},
   "outputs": [],
   "source": [
    "import numpy as np\n",
    "import pandas as pd\n",
    "import seaborn as sns\n",
    "from scipy import stats\n",
    "import matplotlib.pyplot as plt\n",
    "import statsmodels.api as sm\n",
    "from statsmodels.stats import diagnostic as diag\n",
    "from statsmodels.stats.outliers_influence import variance_inflation_factor\n",
    "from sklearn.feature_selection import chi2"
   ]
  },
  {
   "cell_type": "code",
   "execution_count": 2,
   "metadata": {},
   "outputs": [
    {
     "data": {
      "text/html": [
       "<div>\n",
       "<style scoped>\n",
       "    .dataframe tbody tr th:only-of-type {\n",
       "        vertical-align: middle;\n",
       "    }\n",
       "\n",
       "    .dataframe tbody tr th {\n",
       "        vertical-align: top;\n",
       "    }\n",
       "\n",
       "    .dataframe thead th {\n",
       "        text-align: right;\n",
       "    }\n",
       "</style>\n",
       "<table border=\"1\" class=\"dataframe\">\n",
       "  <thead>\n",
       "    <tr style=\"text-align: right;\">\n",
       "      <th></th>\n",
       "      <th>Districts_N</th>\n",
       "      <th>Area</th>\n",
       "      <th>Category_N</th>\n",
       "      <th>Crop_N</th>\n",
       "      <th>Year</th>\n",
       "      <th>Rainfall</th>\n",
       "      <th>Max_Temp</th>\n",
       "      <th>Min_Temp</th>\n",
       "      <th>Humidity</th>\n",
       "      <th>Wind_Speed</th>\n",
       "      <th>Cloud_Coverage</th>\n",
       "      <th>Bright_Sunshine</th>\n",
       "      <th>X_COR</th>\n",
       "      <th>Y_COR</th>\n",
       "      <th>LATITUDE</th>\n",
       "      <th>LONGITUDE</th>\n",
       "      <th>ALT</th>\n",
       "      <th>Productions</th>\n",
       "    </tr>\n",
       "  </thead>\n",
       "  <tbody>\n",
       "    <tr>\n",
       "      <td>0</td>\n",
       "      <td>2</td>\n",
       "      <td>163915</td>\n",
       "      <td>1</td>\n",
       "      <td>1</td>\n",
       "      <td>1979</td>\n",
       "      <td>26.000000</td>\n",
       "      <td>30.400000</td>\n",
       "      <td>15.933333</td>\n",
       "      <td>78.666667</td>\n",
       "      <td>0.333333</td>\n",
       "      <td>1.100000</td>\n",
       "      <td>8.700000</td>\n",
       "      <td>536809.8</td>\n",
       "      <td>510151.9</td>\n",
       "      <td>22.7</td>\n",
       "      <td>90.36</td>\n",
       "      <td>4</td>\n",
       "      <td>67525.0</td>\n",
       "    </tr>\n",
       "    <tr>\n",
       "      <td>1</td>\n",
       "      <td>2</td>\n",
       "      <td>169130</td>\n",
       "      <td>1</td>\n",
       "      <td>1</td>\n",
       "      <td>1980</td>\n",
       "      <td>8.000000</td>\n",
       "      <td>29.500000</td>\n",
       "      <td>14.833333</td>\n",
       "      <td>77.333333</td>\n",
       "      <td>0.433333</td>\n",
       "      <td>1.333333</td>\n",
       "      <td>8.500000</td>\n",
       "      <td>536809.8</td>\n",
       "      <td>510151.9</td>\n",
       "      <td>22.7</td>\n",
       "      <td>90.36</td>\n",
       "      <td>4</td>\n",
       "      <td>76485.0</td>\n",
       "    </tr>\n",
       "    <tr>\n",
       "      <td>2</td>\n",
       "      <td>2</td>\n",
       "      <td>178380</td>\n",
       "      <td>1</td>\n",
       "      <td>1</td>\n",
       "      <td>1981</td>\n",
       "      <td>11.000000</td>\n",
       "      <td>30.433333</td>\n",
       "      <td>14.333333</td>\n",
       "      <td>75.333333</td>\n",
       "      <td>0.366667</td>\n",
       "      <td>1.233333</td>\n",
       "      <td>8.166667</td>\n",
       "      <td>536809.8</td>\n",
       "      <td>510151.9</td>\n",
       "      <td>22.7</td>\n",
       "      <td>90.36</td>\n",
       "      <td>4</td>\n",
       "      <td>75495.0</td>\n",
       "    </tr>\n",
       "    <tr>\n",
       "      <td>3</td>\n",
       "      <td>2</td>\n",
       "      <td>176380</td>\n",
       "      <td>1</td>\n",
       "      <td>1</td>\n",
       "      <td>1982</td>\n",
       "      <td>17.666667</td>\n",
       "      <td>29.700000</td>\n",
       "      <td>13.666667</td>\n",
       "      <td>77.000000</td>\n",
       "      <td>0.300000</td>\n",
       "      <td>1.066667</td>\n",
       "      <td>7.933333</td>\n",
       "      <td>536809.8</td>\n",
       "      <td>510151.9</td>\n",
       "      <td>22.7</td>\n",
       "      <td>90.36</td>\n",
       "      <td>4</td>\n",
       "      <td>76655.0</td>\n",
       "    </tr>\n",
       "    <tr>\n",
       "      <td>4</td>\n",
       "      <td>2</td>\n",
       "      <td>169560</td>\n",
       "      <td>1</td>\n",
       "      <td>1</td>\n",
       "      <td>1983</td>\n",
       "      <td>27.666667</td>\n",
       "      <td>29.933333</td>\n",
       "      <td>14.500000</td>\n",
       "      <td>83.333333</td>\n",
       "      <td>0.300000</td>\n",
       "      <td>1.700000</td>\n",
       "      <td>8.133333</td>\n",
       "      <td>536809.8</td>\n",
       "      <td>510151.9</td>\n",
       "      <td>22.7</td>\n",
       "      <td>90.36</td>\n",
       "      <td>4</td>\n",
       "      <td>76310.0</td>\n",
       "    </tr>\n",
       "  </tbody>\n",
       "</table>\n",
       "</div>"
      ],
      "text/plain": [
       "   Districts_N    Area  Category_N  Crop_N  Year   Rainfall   Max_Temp  \\\n",
       "0            2  163915           1       1  1979  26.000000  30.400000   \n",
       "1            2  169130           1       1  1980   8.000000  29.500000   \n",
       "2            2  178380           1       1  1981  11.000000  30.433333   \n",
       "3            2  176380           1       1  1982  17.666667  29.700000   \n",
       "4            2  169560           1       1  1983  27.666667  29.933333   \n",
       "\n",
       "    Min_Temp   Humidity  Wind_Speed  Cloud_Coverage  Bright_Sunshine  \\\n",
       "0  15.933333  78.666667    0.333333        1.100000         8.700000   \n",
       "1  14.833333  77.333333    0.433333        1.333333         8.500000   \n",
       "2  14.333333  75.333333    0.366667        1.233333         8.166667   \n",
       "3  13.666667  77.000000    0.300000        1.066667         7.933333   \n",
       "4  14.500000  83.333333    0.300000        1.700000         8.133333   \n",
       "\n",
       "      X_COR     Y_COR  LATITUDE  LONGITUDE  ALT  Productions  \n",
       "0  536809.8  510151.9      22.7      90.36    4      67525.0  \n",
       "1  536809.8  510151.9      22.7      90.36    4      76485.0  \n",
       "2  536809.8  510151.9      22.7      90.36    4      75495.0  \n",
       "3  536809.8  510151.9      22.7      90.36    4      76655.0  \n",
       "4  536809.8  510151.9      22.7      90.36    4      76310.0  "
      ]
     },
     "execution_count": 2,
     "metadata": {},
     "output_type": "execute_result"
    }
   ],
   "source": [
    "dataset = pd.read_csv(r'/home/akhtar/Desktop/Ml Algorithms/Dataset/crops.csv')\n",
    "dataset.head()"
   ]
  },
  {
   "cell_type": "code",
   "execution_count": 3,
   "metadata": {},
   "outputs": [
    {
     "data": {
      "text/html": [
       "<div>\n",
       "<style scoped>\n",
       "    .dataframe tbody tr th:only-of-type {\n",
       "        vertical-align: middle;\n",
       "    }\n",
       "\n",
       "    .dataframe tbody tr th {\n",
       "        vertical-align: top;\n",
       "    }\n",
       "\n",
       "    .dataframe thead th {\n",
       "        text-align: right;\n",
       "    }\n",
       "</style>\n",
       "<table border=\"1\" class=\"dataframe\">\n",
       "  <thead>\n",
       "    <tr style=\"text-align: right;\">\n",
       "      <th></th>\n",
       "      <th>Districts_N</th>\n",
       "      <th>Area</th>\n",
       "      <th>Category_N</th>\n",
       "      <th>Crop_N</th>\n",
       "      <th>Year</th>\n",
       "      <th>Rainfall</th>\n",
       "      <th>Max_Temp</th>\n",
       "      <th>Min_Temp</th>\n",
       "      <th>Humidity</th>\n",
       "      <th>Wind_Speed</th>\n",
       "      <th>Cloud_Coverage</th>\n",
       "      <th>Bright_Sunshine</th>\n",
       "      <th>X_COR</th>\n",
       "      <th>Y_COR</th>\n",
       "      <th>LATITUDE</th>\n",
       "      <th>LONGITUDE</th>\n",
       "      <th>ALT</th>\n",
       "      <th>Productions</th>\n",
       "    </tr>\n",
       "  </thead>\n",
       "  <tbody>\n",
       "    <tr>\n",
       "      <td>Districts_N</td>\n",
       "      <td>1.000000</td>\n",
       "      <td>0.049075</td>\n",
       "      <td>0.001035</td>\n",
       "      <td>-0.007367</td>\n",
       "      <td>-0.002579</td>\n",
       "      <td>0.040014</td>\n",
       "      <td>0.007182</td>\n",
       "      <td>-0.029481</td>\n",
       "      <td>0.048080</td>\n",
       "      <td>-0.129322</td>\n",
       "      <td>0.024807</td>\n",
       "      <td>-0.080749</td>\n",
       "      <td>-0.087982</td>\n",
       "      <td>0.252950</td>\n",
       "      <td>0.247712</td>\n",
       "      <td>-0.099988</td>\n",
       "      <td>0.321986</td>\n",
       "      <td>0.026077</td>\n",
       "    </tr>\n",
       "    <tr>\n",
       "      <td>Area</td>\n",
       "      <td>0.049075</td>\n",
       "      <td>1.000000</td>\n",
       "      <td>-0.235849</td>\n",
       "      <td>-0.250944</td>\n",
       "      <td>-0.087042</td>\n",
       "      <td>-0.054348</td>\n",
       "      <td>-0.116684</td>\n",
       "      <td>-0.098972</td>\n",
       "      <td>0.020076</td>\n",
       "      <td>-0.092290</td>\n",
       "      <td>-0.071465</td>\n",
       "      <td>0.034682</td>\n",
       "      <td>-0.099058</td>\n",
       "      <td>0.152024</td>\n",
       "      <td>0.152736</td>\n",
       "      <td>-0.096830</td>\n",
       "      <td>-0.022246</td>\n",
       "      <td>0.741082</td>\n",
       "    </tr>\n",
       "    <tr>\n",
       "      <td>Category_N</td>\n",
       "      <td>0.001035</td>\n",
       "      <td>-0.235849</td>\n",
       "      <td>1.000000</td>\n",
       "      <td>0.083559</td>\n",
       "      <td>0.011213</td>\n",
       "      <td>0.228289</td>\n",
       "      <td>0.335458</td>\n",
       "      <td>0.315012</td>\n",
       "      <td>0.084856</td>\n",
       "      <td>0.201777</td>\n",
       "      <td>0.276162</td>\n",
       "      <td>-0.136560</td>\n",
       "      <td>0.002193</td>\n",
       "      <td>-0.000585</td>\n",
       "      <td>-0.000656</td>\n",
       "      <td>0.001964</td>\n",
       "      <td>0.001520</td>\n",
       "      <td>-0.230009</td>\n",
       "    </tr>\n",
       "    <tr>\n",
       "      <td>Crop_N</td>\n",
       "      <td>-0.007367</td>\n",
       "      <td>-0.250944</td>\n",
       "      <td>0.083559</td>\n",
       "      <td>1.000000</td>\n",
       "      <td>-0.035045</td>\n",
       "      <td>-0.101470</td>\n",
       "      <td>0.071956</td>\n",
       "      <td>-0.068029</td>\n",
       "      <td>-0.267615</td>\n",
       "      <td>0.008875</td>\n",
       "      <td>-0.104483</td>\n",
       "      <td>0.200924</td>\n",
       "      <td>-0.021927</td>\n",
       "      <td>0.007940</td>\n",
       "      <td>0.008392</td>\n",
       "      <td>-0.020556</td>\n",
       "      <td>-0.021523</td>\n",
       "      <td>-0.024463</td>\n",
       "    </tr>\n",
       "    <tr>\n",
       "      <td>Year</td>\n",
       "      <td>-0.002579</td>\n",
       "      <td>-0.087042</td>\n",
       "      <td>0.011213</td>\n",
       "      <td>-0.035045</td>\n",
       "      <td>1.000000</td>\n",
       "      <td>0.007595</td>\n",
       "      <td>0.130009</td>\n",
       "      <td>0.067444</td>\n",
       "      <td>0.266688</td>\n",
       "      <td>0.074502</td>\n",
       "      <td>0.046024</td>\n",
       "      <td>-0.187738</td>\n",
       "      <td>0.063835</td>\n",
       "      <td>-0.040511</td>\n",
       "      <td>-0.042270</td>\n",
       "      <td>0.058146</td>\n",
       "      <td>0.039308</td>\n",
       "      <td>0.039110</td>\n",
       "    </tr>\n",
       "    <tr>\n",
       "      <td>Rainfall</td>\n",
       "      <td>0.040014</td>\n",
       "      <td>-0.054348</td>\n",
       "      <td>0.228289</td>\n",
       "      <td>-0.101470</td>\n",
       "      <td>0.007595</td>\n",
       "      <td>1.000000</td>\n",
       "      <td>0.569799</td>\n",
       "      <td>0.774517</td>\n",
       "      <td>0.589133</td>\n",
       "      <td>0.444267</td>\n",
       "      <td>0.862853</td>\n",
       "      <td>-0.715116</td>\n",
       "      <td>0.231041</td>\n",
       "      <td>-0.053908</td>\n",
       "      <td>-0.053990</td>\n",
       "      <td>0.231536</td>\n",
       "      <td>0.070247</td>\n",
       "      <td>-0.064033</td>\n",
       "    </tr>\n",
       "    <tr>\n",
       "      <td>Max_Temp</td>\n",
       "      <td>0.007182</td>\n",
       "      <td>-0.116684</td>\n",
       "      <td>0.335458</td>\n",
       "      <td>0.071956</td>\n",
       "      <td>0.130009</td>\n",
       "      <td>0.569799</td>\n",
       "      <td>1.000000</td>\n",
       "      <td>0.859293</td>\n",
       "      <td>0.227348</td>\n",
       "      <td>0.504281</td>\n",
       "      <td>0.737459</td>\n",
       "      <td>-0.390614</td>\n",
       "      <td>-0.073247</td>\n",
       "      <td>-0.030944</td>\n",
       "      <td>-0.031138</td>\n",
       "      <td>-0.073474</td>\n",
       "      <td>-0.016114</td>\n",
       "      <td>0.032466</td>\n",
       "    </tr>\n",
       "    <tr>\n",
       "      <td>Min_Temp</td>\n",
       "      <td>-0.029481</td>\n",
       "      <td>-0.098972</td>\n",
       "      <td>0.315012</td>\n",
       "      <td>-0.068029</td>\n",
       "      <td>0.067444</td>\n",
       "      <td>0.774517</td>\n",
       "      <td>0.859293</td>\n",
       "      <td>1.000000</td>\n",
       "      <td>0.509619</td>\n",
       "      <td>0.548588</td>\n",
       "      <td>0.932127</td>\n",
       "      <td>-0.642986</td>\n",
       "      <td>0.070137</td>\n",
       "      <td>-0.097053</td>\n",
       "      <td>-0.097222</td>\n",
       "      <td>0.069302</td>\n",
       "      <td>-0.039941</td>\n",
       "      <td>-0.043600</td>\n",
       "    </tr>\n",
       "    <tr>\n",
       "      <td>Humidity</td>\n",
       "      <td>0.048080</td>\n",
       "      <td>0.020076</td>\n",
       "      <td>0.084856</td>\n",
       "      <td>-0.267615</td>\n",
       "      <td>0.266688</td>\n",
       "      <td>0.589133</td>\n",
       "      <td>0.227348</td>\n",
       "      <td>0.509619</td>\n",
       "      <td>1.000000</td>\n",
       "      <td>0.180901</td>\n",
       "      <td>0.609779</td>\n",
       "      <td>-0.685315</td>\n",
       "      <td>0.115539</td>\n",
       "      <td>-0.108895</td>\n",
       "      <td>-0.110069</td>\n",
       "      <td>0.111988</td>\n",
       "      <td>-0.022647</td>\n",
       "      <td>-0.062955</td>\n",
       "    </tr>\n",
       "    <tr>\n",
       "      <td>Wind_Speed</td>\n",
       "      <td>-0.129322</td>\n",
       "      <td>-0.092290</td>\n",
       "      <td>0.201777</td>\n",
       "      <td>0.008875</td>\n",
       "      <td>0.074502</td>\n",
       "      <td>0.444267</td>\n",
       "      <td>0.504281</td>\n",
       "      <td>0.548588</td>\n",
       "      <td>0.180901</td>\n",
       "      <td>1.000000</td>\n",
       "      <td>0.511394</td>\n",
       "      <td>-0.323300</td>\n",
       "      <td>0.095567</td>\n",
       "      <td>-0.195066</td>\n",
       "      <td>-0.195383</td>\n",
       "      <td>0.095896</td>\n",
       "      <td>-0.201423</td>\n",
       "      <td>-0.013622</td>\n",
       "    </tr>\n",
       "    <tr>\n",
       "      <td>Cloud_Coverage</td>\n",
       "      <td>0.024807</td>\n",
       "      <td>-0.071465</td>\n",
       "      <td>0.276162</td>\n",
       "      <td>-0.104483</td>\n",
       "      <td>0.046024</td>\n",
       "      <td>0.862853</td>\n",
       "      <td>0.737459</td>\n",
       "      <td>0.932127</td>\n",
       "      <td>0.609779</td>\n",
       "      <td>0.511394</td>\n",
       "      <td>1.000000</td>\n",
       "      <td>-0.768405</td>\n",
       "      <td>0.091028</td>\n",
       "      <td>-0.013550</td>\n",
       "      <td>-0.013804</td>\n",
       "      <td>0.090946</td>\n",
       "      <td>0.033545</td>\n",
       "      <td>-0.054077</td>\n",
       "    </tr>\n",
       "    <tr>\n",
       "      <td>Bright_Sunshine</td>\n",
       "      <td>-0.080749</td>\n",
       "      <td>0.034682</td>\n",
       "      <td>-0.136560</td>\n",
       "      <td>0.200924</td>\n",
       "      <td>-0.187738</td>\n",
       "      <td>-0.715116</td>\n",
       "      <td>-0.390614</td>\n",
       "      <td>-0.642986</td>\n",
       "      <td>-0.685315</td>\n",
       "      <td>-0.323300</td>\n",
       "      <td>-0.768405</td>\n",
       "      <td>1.000000</td>\n",
       "      <td>-0.008111</td>\n",
       "      <td>-0.049059</td>\n",
       "      <td>-0.048566</td>\n",
       "      <td>-0.007028</td>\n",
       "      <td>-0.025355</td>\n",
       "      <td>0.075924</td>\n",
       "    </tr>\n",
       "    <tr>\n",
       "      <td>X_COR</td>\n",
       "      <td>-0.087982</td>\n",
       "      <td>-0.099058</td>\n",
       "      <td>0.002193</td>\n",
       "      <td>-0.021927</td>\n",
       "      <td>0.063835</td>\n",
       "      <td>0.231041</td>\n",
       "      <td>-0.073247</td>\n",
       "      <td>0.070137</td>\n",
       "      <td>0.115539</td>\n",
       "      <td>0.095567</td>\n",
       "      <td>0.091028</td>\n",
       "      <td>-0.008111</td>\n",
       "      <td>1.000000</td>\n",
       "      <td>-0.463984</td>\n",
       "      <td>-0.465280</td>\n",
       "      <td>0.998532</td>\n",
       "      <td>0.249838</td>\n",
       "      <td>-0.121832</td>\n",
       "    </tr>\n",
       "    <tr>\n",
       "      <td>Y_COR</td>\n",
       "      <td>0.252950</td>\n",
       "      <td>0.152024</td>\n",
       "      <td>-0.000585</td>\n",
       "      <td>0.007940</td>\n",
       "      <td>-0.040511</td>\n",
       "      <td>-0.053908</td>\n",
       "      <td>-0.030944</td>\n",
       "      <td>-0.097053</td>\n",
       "      <td>-0.108895</td>\n",
       "      <td>-0.195066</td>\n",
       "      <td>-0.013550</td>\n",
       "      <td>-0.049059</td>\n",
       "      <td>-0.463984</td>\n",
       "      <td>1.000000</td>\n",
       "      <td>0.999856</td>\n",
       "      <td>-0.464477</td>\n",
       "      <td>0.340393</td>\n",
       "      <td>0.182331</td>\n",
       "    </tr>\n",
       "    <tr>\n",
       "      <td>LATITUDE</td>\n",
       "      <td>0.247712</td>\n",
       "      <td>0.152736</td>\n",
       "      <td>-0.000656</td>\n",
       "      <td>0.008392</td>\n",
       "      <td>-0.042270</td>\n",
       "      <td>-0.053990</td>\n",
       "      <td>-0.031138</td>\n",
       "      <td>-0.097222</td>\n",
       "      <td>-0.110069</td>\n",
       "      <td>-0.195383</td>\n",
       "      <td>-0.013804</td>\n",
       "      <td>-0.048566</td>\n",
       "      <td>-0.465280</td>\n",
       "      <td>0.999856</td>\n",
       "      <td>1.000000</td>\n",
       "      <td>-0.464879</td>\n",
       "      <td>0.340097</td>\n",
       "      <td>0.182814</td>\n",
       "    </tr>\n",
       "    <tr>\n",
       "      <td>LONGITUDE</td>\n",
       "      <td>-0.099988</td>\n",
       "      <td>-0.096830</td>\n",
       "      <td>0.001964</td>\n",
       "      <td>-0.020556</td>\n",
       "      <td>0.058146</td>\n",
       "      <td>0.231536</td>\n",
       "      <td>-0.073474</td>\n",
       "      <td>0.069302</td>\n",
       "      <td>0.111988</td>\n",
       "      <td>0.095896</td>\n",
       "      <td>0.090946</td>\n",
       "      <td>-0.007028</td>\n",
       "      <td>0.998532</td>\n",
       "      <td>-0.464477</td>\n",
       "      <td>-0.464879</td>\n",
       "      <td>1.000000</td>\n",
       "      <td>0.250789</td>\n",
       "      <td>-0.120733</td>\n",
       "    </tr>\n",
       "    <tr>\n",
       "      <td>ALT</td>\n",
       "      <td>0.321986</td>\n",
       "      <td>-0.022246</td>\n",
       "      <td>0.001520</td>\n",
       "      <td>-0.021523</td>\n",
       "      <td>0.039308</td>\n",
       "      <td>0.070247</td>\n",
       "      <td>-0.016114</td>\n",
       "      <td>-0.039941</td>\n",
       "      <td>-0.022647</td>\n",
       "      <td>-0.201423</td>\n",
       "      <td>0.033545</td>\n",
       "      <td>-0.025355</td>\n",
       "      <td>0.249838</td>\n",
       "      <td>0.340393</td>\n",
       "      <td>0.340097</td>\n",
       "      <td>0.250789</td>\n",
       "      <td>1.000000</td>\n",
       "      <td>-0.009734</td>\n",
       "    </tr>\n",
       "    <tr>\n",
       "      <td>Productions</td>\n",
       "      <td>0.026077</td>\n",
       "      <td>0.741082</td>\n",
       "      <td>-0.230009</td>\n",
       "      <td>-0.024463</td>\n",
       "      <td>0.039110</td>\n",
       "      <td>-0.064033</td>\n",
       "      <td>0.032466</td>\n",
       "      <td>-0.043600</td>\n",
       "      <td>-0.062955</td>\n",
       "      <td>-0.013622</td>\n",
       "      <td>-0.054077</td>\n",
       "      <td>0.075924</td>\n",
       "      <td>-0.121832</td>\n",
       "      <td>0.182331</td>\n",
       "      <td>0.182814</td>\n",
       "      <td>-0.120733</td>\n",
       "      <td>-0.009734</td>\n",
       "      <td>1.000000</td>\n",
       "    </tr>\n",
       "  </tbody>\n",
       "</table>\n",
       "</div>"
      ],
      "text/plain": [
       "                 Districts_N      Area  Category_N    Crop_N      Year  \\\n",
       "Districts_N         1.000000  0.049075    0.001035 -0.007367 -0.002579   \n",
       "Area                0.049075  1.000000   -0.235849 -0.250944 -0.087042   \n",
       "Category_N          0.001035 -0.235849    1.000000  0.083559  0.011213   \n",
       "Crop_N             -0.007367 -0.250944    0.083559  1.000000 -0.035045   \n",
       "Year               -0.002579 -0.087042    0.011213 -0.035045  1.000000   \n",
       "Rainfall            0.040014 -0.054348    0.228289 -0.101470  0.007595   \n",
       "Max_Temp            0.007182 -0.116684    0.335458  0.071956  0.130009   \n",
       "Min_Temp           -0.029481 -0.098972    0.315012 -0.068029  0.067444   \n",
       "Humidity            0.048080  0.020076    0.084856 -0.267615  0.266688   \n",
       "Wind_Speed         -0.129322 -0.092290    0.201777  0.008875  0.074502   \n",
       "Cloud_Coverage      0.024807 -0.071465    0.276162 -0.104483  0.046024   \n",
       "Bright_Sunshine    -0.080749  0.034682   -0.136560  0.200924 -0.187738   \n",
       "X_COR              -0.087982 -0.099058    0.002193 -0.021927  0.063835   \n",
       "Y_COR               0.252950  0.152024   -0.000585  0.007940 -0.040511   \n",
       "LATITUDE            0.247712  0.152736   -0.000656  0.008392 -0.042270   \n",
       "LONGITUDE          -0.099988 -0.096830    0.001964 -0.020556  0.058146   \n",
       "ALT                 0.321986 -0.022246    0.001520 -0.021523  0.039308   \n",
       "Productions         0.026077  0.741082   -0.230009 -0.024463  0.039110   \n",
       "\n",
       "                 Rainfall  Max_Temp  Min_Temp  Humidity  Wind_Speed  \\\n",
       "Districts_N      0.040014  0.007182 -0.029481  0.048080   -0.129322   \n",
       "Area            -0.054348 -0.116684 -0.098972  0.020076   -0.092290   \n",
       "Category_N       0.228289  0.335458  0.315012  0.084856    0.201777   \n",
       "Crop_N          -0.101470  0.071956 -0.068029 -0.267615    0.008875   \n",
       "Year             0.007595  0.130009  0.067444  0.266688    0.074502   \n",
       "Rainfall         1.000000  0.569799  0.774517  0.589133    0.444267   \n",
       "Max_Temp         0.569799  1.000000  0.859293  0.227348    0.504281   \n",
       "Min_Temp         0.774517  0.859293  1.000000  0.509619    0.548588   \n",
       "Humidity         0.589133  0.227348  0.509619  1.000000    0.180901   \n",
       "Wind_Speed       0.444267  0.504281  0.548588  0.180901    1.000000   \n",
       "Cloud_Coverage   0.862853  0.737459  0.932127  0.609779    0.511394   \n",
       "Bright_Sunshine -0.715116 -0.390614 -0.642986 -0.685315   -0.323300   \n",
       "X_COR            0.231041 -0.073247  0.070137  0.115539    0.095567   \n",
       "Y_COR           -0.053908 -0.030944 -0.097053 -0.108895   -0.195066   \n",
       "LATITUDE        -0.053990 -0.031138 -0.097222 -0.110069   -0.195383   \n",
       "LONGITUDE        0.231536 -0.073474  0.069302  0.111988    0.095896   \n",
       "ALT              0.070247 -0.016114 -0.039941 -0.022647   -0.201423   \n",
       "Productions     -0.064033  0.032466 -0.043600 -0.062955   -0.013622   \n",
       "\n",
       "                 Cloud_Coverage  Bright_Sunshine     X_COR     Y_COR  \\\n",
       "Districts_N            0.024807        -0.080749 -0.087982  0.252950   \n",
       "Area                  -0.071465         0.034682 -0.099058  0.152024   \n",
       "Category_N             0.276162        -0.136560  0.002193 -0.000585   \n",
       "Crop_N                -0.104483         0.200924 -0.021927  0.007940   \n",
       "Year                   0.046024        -0.187738  0.063835 -0.040511   \n",
       "Rainfall               0.862853        -0.715116  0.231041 -0.053908   \n",
       "Max_Temp               0.737459        -0.390614 -0.073247 -0.030944   \n",
       "Min_Temp               0.932127        -0.642986  0.070137 -0.097053   \n",
       "Humidity               0.609779        -0.685315  0.115539 -0.108895   \n",
       "Wind_Speed             0.511394        -0.323300  0.095567 -0.195066   \n",
       "Cloud_Coverage         1.000000        -0.768405  0.091028 -0.013550   \n",
       "Bright_Sunshine       -0.768405         1.000000 -0.008111 -0.049059   \n",
       "X_COR                  0.091028        -0.008111  1.000000 -0.463984   \n",
       "Y_COR                 -0.013550        -0.049059 -0.463984  1.000000   \n",
       "LATITUDE              -0.013804        -0.048566 -0.465280  0.999856   \n",
       "LONGITUDE              0.090946        -0.007028  0.998532 -0.464477   \n",
       "ALT                    0.033545        -0.025355  0.249838  0.340393   \n",
       "Productions           -0.054077         0.075924 -0.121832  0.182331   \n",
       "\n",
       "                 LATITUDE  LONGITUDE       ALT  Productions  \n",
       "Districts_N      0.247712  -0.099988  0.321986     0.026077  \n",
       "Area             0.152736  -0.096830 -0.022246     0.741082  \n",
       "Category_N      -0.000656   0.001964  0.001520    -0.230009  \n",
       "Crop_N           0.008392  -0.020556 -0.021523    -0.024463  \n",
       "Year            -0.042270   0.058146  0.039308     0.039110  \n",
       "Rainfall        -0.053990   0.231536  0.070247    -0.064033  \n",
       "Max_Temp        -0.031138  -0.073474 -0.016114     0.032466  \n",
       "Min_Temp        -0.097222   0.069302 -0.039941    -0.043600  \n",
       "Humidity        -0.110069   0.111988 -0.022647    -0.062955  \n",
       "Wind_Speed      -0.195383   0.095896 -0.201423    -0.013622  \n",
       "Cloud_Coverage  -0.013804   0.090946  0.033545    -0.054077  \n",
       "Bright_Sunshine -0.048566  -0.007028 -0.025355     0.075924  \n",
       "X_COR           -0.465280   0.998532  0.249838    -0.121832  \n",
       "Y_COR            0.999856  -0.464477  0.340393     0.182331  \n",
       "LATITUDE         1.000000  -0.464879  0.340097     0.182814  \n",
       "LONGITUDE       -0.464879   1.000000  0.250789    -0.120733  \n",
       "ALT              0.340097   0.250789  1.000000    -0.009734  \n",
       "Productions      0.182814  -0.120733 -0.009734     1.000000  "
      ]
     },
     "metadata": {},
     "output_type": "display_data"
    },
    {
     "data": {
      "text/plain": [
       "<matplotlib.axes._subplots.AxesSubplot at 0x7f79672f2610>"
      ]
     },
     "execution_count": 3,
     "metadata": {},
     "output_type": "execute_result"
    },
    {
     "data": {
